4 1 25 25 -1.07374e+08 -1.07374e+08 -1.07374e+08 -1.07374e+08 0 0 0 0 0 00007FF6B8C5953C 0 0 0 0
0 1 60 60 0 0 0 0 0 0 0 0 0 00007FF6B8C595AC 20 0 0 0
5 1 20 20 0 -10 0 0 0 0 0 0 0 00007FF6B8C5961C 0 0 0 0
7 1 40 40 0 75 0 0 0 0 0 0 0 00007FF6B8C5968C 0 0 0 0
8 1 40 40 -18.8077 98.2154 0 0 0 0 0 0 0 00007FF6B8C596FC 0 0 0 0
4 1 25 25 27.4116 -408.405 20 20 0 0 0 0 0 00007FF6B8C5976C 1 0 0 0
4 1 25 25 765.602 203.795 20 20 0 0 0 0 0 00007FF6B8C597DC 1 0 0 0
4 1 25 25 765.602 203.795 20 20 0 0 0 0 0 00007FF6B8C5984C 1 0 0 0
3 1 20 20 -6.482 31.941 -14.886 -98.8858 0 0 0 0 0 00007FF6B8C598BC 0 0 0 0
enemyInstances Positions...
1 25 25 -1.07374e+08 -1.07374e+08 -1.07374e+08 -1.07374e+08 0 0 0 0 0 00007FF6B8C5953C 0 0 0 0
1 25 25 27.4116 -408.405 20 20 0 0 0 0 0 00007FF6B8C5976C 1 0 0 0
1 25 25 765.602 203.795 20 20 0 0 0 0 0 00007FF6B8C597DC 1 0 0 0
1 25 25 765.602 203.795 20 20 0 0 0 0 0 00007FF6B8C5984C 1 0 0 0
Player Experience and Level...
1 0
